{
 "cells": [
  {
   "cell_type": "code",
   "execution_count": 1,
   "id": "db9a390c-d716-447b-9f82-9051b463b4b5",
   "metadata": {
    "tags": []
   },
   "outputs": [],
   "source": [
    "import numpy as np\n",
    "import pandas as pd"
   ]
  },
  {
   "cell_type": "code",
   "execution_count": 15,
   "id": "d060b4b0-772b-4f3c-a062-5e0f4bdf94fd",
   "metadata": {
    "tags": []
   },
   "outputs": [
    {
     "data": {
      "text/plain": [
       "array([[-0.71440792, -0.1595509 , -0.20501129, -0.04221154, -0.09304939,\n",
       "        -1.16110725],\n",
       "       [ 0.42301337, -0.6497726 , -0.1990407 ,  0.82894999,  1.08923324,\n",
       "        -0.29836626],\n",
       "       [-0.2621381 , -0.71213591, -0.40505849,  0.98626056, -0.83755711,\n",
       "         1.25788828],\n",
       "       [-1.21520797,  0.63004717, -0.72663659,  0.02063038,  0.69086998,\n",
       "        -2.15194564],\n",
       "       [-0.01888307, -1.34121153, -0.44716755, -0.41812251,  0.62048777,\n",
       "         0.12923194]])"
      ]
     },
     "execution_count": 15,
     "metadata": {},
     "output_type": "execute_result"
    }
   ],
   "source": [
    "data = np.random.randn(5, 6)\n",
    "data"
   ]
  },
  {
   "cell_type": "code",
   "execution_count": 16,
   "id": "2526a51c-30bc-4d19-8560-1ff9a801aa12",
   "metadata": {
    "tags": []
   },
   "outputs": [],
   "source": [
    "col = 'Q W E R T Y'.split(' ')"
   ]
  },
  {
   "cell_type": "code",
   "execution_count": 17,
   "id": "86384b9b-d0c1-4b05-b07c-f1e746be5898",
   "metadata": {
    "tags": []
   },
   "outputs": [
    {
     "data": {
      "text/html": [
       "<div>\n",
       "<style scoped>\n",
       "    .dataframe tbody tr th:only-of-type {\n",
       "        vertical-align: middle;\n",
       "    }\n",
       "\n",
       "    .dataframe tbody tr th {\n",
       "        vertical-align: top;\n",
       "    }\n",
       "\n",
       "    .dataframe thead th {\n",
       "        text-align: right;\n",
       "    }\n",
       "</style>\n",
       "<table border=\"1\" class=\"dataframe\">\n",
       "  <thead>\n",
       "    <tr style=\"text-align: right;\">\n",
       "      <th></th>\n",
       "      <th>Q</th>\n",
       "      <th>W</th>\n",
       "      <th>E</th>\n",
       "      <th>R</th>\n",
       "      <th>T</th>\n",
       "      <th>Y</th>\n",
       "    </tr>\n",
       "  </thead>\n",
       "  <tbody>\n",
       "    <tr>\n",
       "      <th>A</th>\n",
       "      <td>-0.714408</td>\n",
       "      <td>-0.159551</td>\n",
       "      <td>-0.205011</td>\n",
       "      <td>-0.042212</td>\n",
       "      <td>-0.093049</td>\n",
       "      <td>-1.161107</td>\n",
       "    </tr>\n",
       "    <tr>\n",
       "      <th>B</th>\n",
       "      <td>0.423013</td>\n",
       "      <td>-0.649773</td>\n",
       "      <td>-0.199041</td>\n",
       "      <td>0.828950</td>\n",
       "      <td>1.089233</td>\n",
       "      <td>-0.298366</td>\n",
       "    </tr>\n",
       "    <tr>\n",
       "      <th>C</th>\n",
       "      <td>-0.262138</td>\n",
       "      <td>-0.712136</td>\n",
       "      <td>-0.405058</td>\n",
       "      <td>0.986261</td>\n",
       "      <td>-0.837557</td>\n",
       "      <td>1.257888</td>\n",
       "    </tr>\n",
       "    <tr>\n",
       "      <th>D</th>\n",
       "      <td>-1.215208</td>\n",
       "      <td>0.630047</td>\n",
       "      <td>-0.726637</td>\n",
       "      <td>0.020630</td>\n",
       "      <td>0.690870</td>\n",
       "      <td>-2.151946</td>\n",
       "    </tr>\n",
       "    <tr>\n",
       "      <th>E</th>\n",
       "      <td>-0.018883</td>\n",
       "      <td>-1.341212</td>\n",
       "      <td>-0.447168</td>\n",
       "      <td>-0.418123</td>\n",
       "      <td>0.620488</td>\n",
       "      <td>0.129232</td>\n",
       "    </tr>\n",
       "  </tbody>\n",
       "</table>\n",
       "</div>"
      ],
      "text/plain": [
       "          Q         W         E         R         T         Y\n",
       "A -0.714408 -0.159551 -0.205011 -0.042212 -0.093049 -1.161107\n",
       "B  0.423013 -0.649773 -0.199041  0.828950  1.089233 -0.298366\n",
       "C -0.262138 -0.712136 -0.405058  0.986261 -0.837557  1.257888\n",
       "D -1.215208  0.630047 -0.726637  0.020630  0.690870 -2.151946\n",
       "E -0.018883 -1.341212 -0.447168 -0.418123  0.620488  0.129232"
      ]
     },
     "execution_count": 17,
     "metadata": {},
     "output_type": "execute_result"
    }
   ],
   "source": [
    "df = pd.DataFrame(data, columns = col, index = 'A B C D E'.split(' '))\n",
    "df"
   ]
  },
  {
   "cell_type": "code",
   "execution_count": 18,
   "id": "cfef9181-cb4a-4958-ae7f-893999e2e530",
   "metadata": {
    "tags": []
   },
   "outputs": [
    {
     "data": {
      "text/html": [
       "<div>\n",
       "<style scoped>\n",
       "    .dataframe tbody tr th:only-of-type {\n",
       "        vertical-align: middle;\n",
       "    }\n",
       "\n",
       "    .dataframe tbody tr th {\n",
       "        vertical-align: top;\n",
       "    }\n",
       "\n",
       "    .dataframe thead th {\n",
       "        text-align: right;\n",
       "    }\n",
       "</style>\n",
       "<table border=\"1\" class=\"dataframe\">\n",
       "  <thead>\n",
       "    <tr style=\"text-align: right;\">\n",
       "      <th></th>\n",
       "      <th>index</th>\n",
       "      <th>Q</th>\n",
       "      <th>W</th>\n",
       "      <th>E</th>\n",
       "      <th>R</th>\n",
       "      <th>T</th>\n",
       "      <th>Y</th>\n",
       "    </tr>\n",
       "  </thead>\n",
       "  <tbody>\n",
       "    <tr>\n",
       "      <th>0</th>\n",
       "      <td>A</td>\n",
       "      <td>-0.714408</td>\n",
       "      <td>-0.159551</td>\n",
       "      <td>-0.205011</td>\n",
       "      <td>-0.042212</td>\n",
       "      <td>-0.093049</td>\n",
       "      <td>-1.161107</td>\n",
       "    </tr>\n",
       "    <tr>\n",
       "      <th>1</th>\n",
       "      <td>B</td>\n",
       "      <td>0.423013</td>\n",
       "      <td>-0.649773</td>\n",
       "      <td>-0.199041</td>\n",
       "      <td>0.828950</td>\n",
       "      <td>1.089233</td>\n",
       "      <td>-0.298366</td>\n",
       "    </tr>\n",
       "    <tr>\n",
       "      <th>2</th>\n",
       "      <td>C</td>\n",
       "      <td>-0.262138</td>\n",
       "      <td>-0.712136</td>\n",
       "      <td>-0.405058</td>\n",
       "      <td>0.986261</td>\n",
       "      <td>-0.837557</td>\n",
       "      <td>1.257888</td>\n",
       "    </tr>\n",
       "    <tr>\n",
       "      <th>3</th>\n",
       "      <td>D</td>\n",
       "      <td>-1.215208</td>\n",
       "      <td>0.630047</td>\n",
       "      <td>-0.726637</td>\n",
       "      <td>0.020630</td>\n",
       "      <td>0.690870</td>\n",
       "      <td>-2.151946</td>\n",
       "    </tr>\n",
       "    <tr>\n",
       "      <th>4</th>\n",
       "      <td>E</td>\n",
       "      <td>-0.018883</td>\n",
       "      <td>-1.341212</td>\n",
       "      <td>-0.447168</td>\n",
       "      <td>-0.418123</td>\n",
       "      <td>0.620488</td>\n",
       "      <td>0.129232</td>\n",
       "    </tr>\n",
       "  </tbody>\n",
       "</table>\n",
       "</div>"
      ],
      "text/plain": [
       "  index         Q         W         E         R         T         Y\n",
       "0     A -0.714408 -0.159551 -0.205011 -0.042212 -0.093049 -1.161107\n",
       "1     B  0.423013 -0.649773 -0.199041  0.828950  1.089233 -0.298366\n",
       "2     C -0.262138 -0.712136 -0.405058  0.986261 -0.837557  1.257888\n",
       "3     D -1.215208  0.630047 -0.726637  0.020630  0.690870 -2.151946\n",
       "4     E -0.018883 -1.341212 -0.447168 -0.418123  0.620488  0.129232"
      ]
     },
     "execution_count": 18,
     "metadata": {},
     "output_type": "execute_result"
    }
   ],
   "source": [
    "df.reset_index() ## Menggunakan index default (urutan angka 0 - sekian)\n",
    "## index awal akan menjadi kolom baru"
   ]
  },
  {
   "cell_type": "code",
   "execution_count": 19,
   "id": "c5c318fc-bee0-484f-9fe1-1919d276facb",
   "metadata": {
    "tags": []
   },
   "outputs": [
    {
     "data": {
      "text/html": [
       "<div>\n",
       "<style scoped>\n",
       "    .dataframe tbody tr th:only-of-type {\n",
       "        vertical-align: middle;\n",
       "    }\n",
       "\n",
       "    .dataframe tbody tr th {\n",
       "        vertical-align: top;\n",
       "    }\n",
       "\n",
       "    .dataframe thead th {\n",
       "        text-align: right;\n",
       "    }\n",
       "</style>\n",
       "<table border=\"1\" class=\"dataframe\">\n",
       "  <thead>\n",
       "    <tr style=\"text-align: right;\">\n",
       "      <th></th>\n",
       "      <th>Q</th>\n",
       "      <th>W</th>\n",
       "      <th>E</th>\n",
       "      <th>R</th>\n",
       "      <th>Y</th>\n",
       "    </tr>\n",
       "    <tr>\n",
       "      <th>T</th>\n",
       "      <th></th>\n",
       "      <th></th>\n",
       "      <th></th>\n",
       "      <th></th>\n",
       "      <th></th>\n",
       "    </tr>\n",
       "  </thead>\n",
       "  <tbody>\n",
       "    <tr>\n",
       "      <th>-0.093049</th>\n",
       "      <td>-0.714408</td>\n",
       "      <td>-0.159551</td>\n",
       "      <td>-0.205011</td>\n",
       "      <td>-0.042212</td>\n",
       "      <td>-1.161107</td>\n",
       "    </tr>\n",
       "    <tr>\n",
       "      <th>1.089233</th>\n",
       "      <td>0.423013</td>\n",
       "      <td>-0.649773</td>\n",
       "      <td>-0.199041</td>\n",
       "      <td>0.828950</td>\n",
       "      <td>-0.298366</td>\n",
       "    </tr>\n",
       "    <tr>\n",
       "      <th>-0.837557</th>\n",
       "      <td>-0.262138</td>\n",
       "      <td>-0.712136</td>\n",
       "      <td>-0.405058</td>\n",
       "      <td>0.986261</td>\n",
       "      <td>1.257888</td>\n",
       "    </tr>\n",
       "    <tr>\n",
       "      <th>0.690870</th>\n",
       "      <td>-1.215208</td>\n",
       "      <td>0.630047</td>\n",
       "      <td>-0.726637</td>\n",
       "      <td>0.020630</td>\n",
       "      <td>-2.151946</td>\n",
       "    </tr>\n",
       "    <tr>\n",
       "      <th>0.620488</th>\n",
       "      <td>-0.018883</td>\n",
       "      <td>-1.341212</td>\n",
       "      <td>-0.447168</td>\n",
       "      <td>-0.418123</td>\n",
       "      <td>0.129232</td>\n",
       "    </tr>\n",
       "  </tbody>\n",
       "</table>\n",
       "</div>"
      ],
      "text/plain": [
       "                  Q         W         E         R         Y\n",
       "T                                                          \n",
       "-0.093049 -0.714408 -0.159551 -0.205011 -0.042212 -1.161107\n",
       " 1.089233  0.423013 -0.649773 -0.199041  0.828950 -0.298366\n",
       "-0.837557 -0.262138 -0.712136 -0.405058  0.986261  1.257888\n",
       " 0.690870 -1.215208  0.630047 -0.726637  0.020630 -2.151946\n",
       " 0.620488 -0.018883 -1.341212 -0.447168 -0.418123  0.129232"
      ]
     },
     "execution_count": 19,
     "metadata": {},
     "output_type": "execute_result"
    }
   ],
   "source": [
    "df.set_index('T')"
   ]
  },
  {
   "cell_type": "code",
   "execution_count": 20,
   "id": "fc5f16de-f5c3-448a-8997-52389d60b800",
   "metadata": {
    "tags": []
   },
   "outputs": [],
   "source": [
    "## Sorting"
   ]
  },
  {
   "cell_type": "code",
   "execution_count": 21,
   "id": "b9f3b34c-78a7-4cf9-bd2f-24355495382e",
   "metadata": {
    "tags": []
   },
   "outputs": [
    {
     "data": {
      "text/html": [
       "<div>\n",
       "<style scoped>\n",
       "    .dataframe tbody tr th:only-of-type {\n",
       "        vertical-align: middle;\n",
       "    }\n",
       "\n",
       "    .dataframe tbody tr th {\n",
       "        vertical-align: top;\n",
       "    }\n",
       "\n",
       "    .dataframe thead th {\n",
       "        text-align: right;\n",
       "    }\n",
       "</style>\n",
       "<table border=\"1\" class=\"dataframe\">\n",
       "  <thead>\n",
       "    <tr style=\"text-align: right;\">\n",
       "      <th></th>\n",
       "      <th>Q</th>\n",
       "      <th>W</th>\n",
       "      <th>E</th>\n",
       "      <th>R</th>\n",
       "      <th>T</th>\n",
       "      <th>Y</th>\n",
       "    </tr>\n",
       "  </thead>\n",
       "  <tbody>\n",
       "    <tr>\n",
       "      <th>A</th>\n",
       "      <td>-0.714408</td>\n",
       "      <td>-0.159551</td>\n",
       "      <td>-0.205011</td>\n",
       "      <td>-0.042212</td>\n",
       "      <td>-0.093049</td>\n",
       "      <td>-1.161107</td>\n",
       "    </tr>\n",
       "    <tr>\n",
       "      <th>B</th>\n",
       "      <td>0.423013</td>\n",
       "      <td>-0.649773</td>\n",
       "      <td>-0.199041</td>\n",
       "      <td>0.828950</td>\n",
       "      <td>1.089233</td>\n",
       "      <td>-0.298366</td>\n",
       "    </tr>\n",
       "    <tr>\n",
       "      <th>C</th>\n",
       "      <td>-0.262138</td>\n",
       "      <td>-0.712136</td>\n",
       "      <td>-0.405058</td>\n",
       "      <td>0.986261</td>\n",
       "      <td>-0.837557</td>\n",
       "      <td>1.257888</td>\n",
       "    </tr>\n",
       "    <tr>\n",
       "      <th>D</th>\n",
       "      <td>-1.215208</td>\n",
       "      <td>0.630047</td>\n",
       "      <td>-0.726637</td>\n",
       "      <td>0.020630</td>\n",
       "      <td>0.690870</td>\n",
       "      <td>-2.151946</td>\n",
       "    </tr>\n",
       "    <tr>\n",
       "      <th>E</th>\n",
       "      <td>-0.018883</td>\n",
       "      <td>-1.341212</td>\n",
       "      <td>-0.447168</td>\n",
       "      <td>-0.418123</td>\n",
       "      <td>0.620488</td>\n",
       "      <td>0.129232</td>\n",
       "    </tr>\n",
       "  </tbody>\n",
       "</table>\n",
       "</div>"
      ],
      "text/plain": [
       "          Q         W         E         R         T         Y\n",
       "A -0.714408 -0.159551 -0.205011 -0.042212 -0.093049 -1.161107\n",
       "B  0.423013 -0.649773 -0.199041  0.828950  1.089233 -0.298366\n",
       "C -0.262138 -0.712136 -0.405058  0.986261 -0.837557  1.257888\n",
       "D -1.215208  0.630047 -0.726637  0.020630  0.690870 -2.151946\n",
       "E -0.018883 -1.341212 -0.447168 -0.418123  0.620488  0.129232"
      ]
     },
     "execution_count": 21,
     "metadata": {},
     "output_type": "execute_result"
    }
   ],
   "source": [
    "df"
   ]
  },
  {
   "cell_type": "code",
   "execution_count": 22,
   "id": "76db0ccb-b484-42de-b8b8-34adbe83359e",
   "metadata": {
    "tags": []
   },
   "outputs": [
    {
     "data": {
      "text/html": [
       "<div>\n",
       "<style scoped>\n",
       "    .dataframe tbody tr th:only-of-type {\n",
       "        vertical-align: middle;\n",
       "    }\n",
       "\n",
       "    .dataframe tbody tr th {\n",
       "        vertical-align: top;\n",
       "    }\n",
       "\n",
       "    .dataframe thead th {\n",
       "        text-align: right;\n",
       "    }\n",
       "</style>\n",
       "<table border=\"1\" class=\"dataframe\">\n",
       "  <thead>\n",
       "    <tr style=\"text-align: right;\">\n",
       "      <th></th>\n",
       "      <th>Q</th>\n",
       "      <th>W</th>\n",
       "      <th>E</th>\n",
       "      <th>R</th>\n",
       "      <th>T</th>\n",
       "      <th>Y</th>\n",
       "    </tr>\n",
       "  </thead>\n",
       "  <tbody>\n",
       "    <tr>\n",
       "      <th>D</th>\n",
       "      <td>-1.215208</td>\n",
       "      <td>0.630047</td>\n",
       "      <td>-0.726637</td>\n",
       "      <td>0.020630</td>\n",
       "      <td>0.690870</td>\n",
       "      <td>-2.151946</td>\n",
       "    </tr>\n",
       "    <tr>\n",
       "      <th>A</th>\n",
       "      <td>-0.714408</td>\n",
       "      <td>-0.159551</td>\n",
       "      <td>-0.205011</td>\n",
       "      <td>-0.042212</td>\n",
       "      <td>-0.093049</td>\n",
       "      <td>-1.161107</td>\n",
       "    </tr>\n",
       "    <tr>\n",
       "      <th>B</th>\n",
       "      <td>0.423013</td>\n",
       "      <td>-0.649773</td>\n",
       "      <td>-0.199041</td>\n",
       "      <td>0.828950</td>\n",
       "      <td>1.089233</td>\n",
       "      <td>-0.298366</td>\n",
       "    </tr>\n",
       "    <tr>\n",
       "      <th>E</th>\n",
       "      <td>-0.018883</td>\n",
       "      <td>-1.341212</td>\n",
       "      <td>-0.447168</td>\n",
       "      <td>-0.418123</td>\n",
       "      <td>0.620488</td>\n",
       "      <td>0.129232</td>\n",
       "    </tr>\n",
       "    <tr>\n",
       "      <th>C</th>\n",
       "      <td>-0.262138</td>\n",
       "      <td>-0.712136</td>\n",
       "      <td>-0.405058</td>\n",
       "      <td>0.986261</td>\n",
       "      <td>-0.837557</td>\n",
       "      <td>1.257888</td>\n",
       "    </tr>\n",
       "  </tbody>\n",
       "</table>\n",
       "</div>"
      ],
      "text/plain": [
       "          Q         W         E         R         T         Y\n",
       "D -1.215208  0.630047 -0.726637  0.020630  0.690870 -2.151946\n",
       "A -0.714408 -0.159551 -0.205011 -0.042212 -0.093049 -1.161107\n",
       "B  0.423013 -0.649773 -0.199041  0.828950  1.089233 -0.298366\n",
       "E -0.018883 -1.341212 -0.447168 -0.418123  0.620488  0.129232\n",
       "C -0.262138 -0.712136 -0.405058  0.986261 -0.837557  1.257888"
      ]
     },
     "execution_count": 22,
     "metadata": {},
     "output_type": "execute_result"
    }
   ],
   "source": [
    "df.sort_values('Y')\n",
    "## df.sort_values(kolom, ascending = )\n",
    "## ascending menentukan metode pengurutan\n",
    "## ascending = True ==> Pengurutan secara ascending => dari kecil ke besar\n",
    "## ascending = False ==> pengurutan secara descending => dari besar ke kecil\n",
    "## jika parameter ascending tidak ditentukan, maka pengurutan menggunakan metode default => dari kecil ke besar (ascending= True) \n",
    "## kolom ==> data akan diurutkan berdasarkan kolom ini"
   ]
  },
  {
   "cell_type": "code",
   "execution_count": 23,
   "id": "f8e13ae8-c369-4595-8e45-55796069cc1d",
   "metadata": {
    "tags": []
   },
   "outputs": [
    {
     "data": {
      "text/html": [
       "<div>\n",
       "<style scoped>\n",
       "    .dataframe tbody tr th:only-of-type {\n",
       "        vertical-align: middle;\n",
       "    }\n",
       "\n",
       "    .dataframe tbody tr th {\n",
       "        vertical-align: top;\n",
       "    }\n",
       "\n",
       "    .dataframe thead th {\n",
       "        text-align: right;\n",
       "    }\n",
       "</style>\n",
       "<table border=\"1\" class=\"dataframe\">\n",
       "  <thead>\n",
       "    <tr style=\"text-align: right;\">\n",
       "      <th></th>\n",
       "      <th>Q</th>\n",
       "      <th>W</th>\n",
       "      <th>E</th>\n",
       "      <th>R</th>\n",
       "      <th>T</th>\n",
       "      <th>Y</th>\n",
       "    </tr>\n",
       "  </thead>\n",
       "  <tbody>\n",
       "    <tr>\n",
       "      <th>C</th>\n",
       "      <td>-0.262138</td>\n",
       "      <td>-0.712136</td>\n",
       "      <td>-0.405058</td>\n",
       "      <td>0.986261</td>\n",
       "      <td>-0.837557</td>\n",
       "      <td>1.257888</td>\n",
       "    </tr>\n",
       "    <tr>\n",
       "      <th>B</th>\n",
       "      <td>0.423013</td>\n",
       "      <td>-0.649773</td>\n",
       "      <td>-0.199041</td>\n",
       "      <td>0.828950</td>\n",
       "      <td>1.089233</td>\n",
       "      <td>-0.298366</td>\n",
       "    </tr>\n",
       "    <tr>\n",
       "      <th>D</th>\n",
       "      <td>-1.215208</td>\n",
       "      <td>0.630047</td>\n",
       "      <td>-0.726637</td>\n",
       "      <td>0.020630</td>\n",
       "      <td>0.690870</td>\n",
       "      <td>-2.151946</td>\n",
       "    </tr>\n",
       "    <tr>\n",
       "      <th>A</th>\n",
       "      <td>-0.714408</td>\n",
       "      <td>-0.159551</td>\n",
       "      <td>-0.205011</td>\n",
       "      <td>-0.042212</td>\n",
       "      <td>-0.093049</td>\n",
       "      <td>-1.161107</td>\n",
       "    </tr>\n",
       "    <tr>\n",
       "      <th>E</th>\n",
       "      <td>-0.018883</td>\n",
       "      <td>-1.341212</td>\n",
       "      <td>-0.447168</td>\n",
       "      <td>-0.418123</td>\n",
       "      <td>0.620488</td>\n",
       "      <td>0.129232</td>\n",
       "    </tr>\n",
       "  </tbody>\n",
       "</table>\n",
       "</div>"
      ],
      "text/plain": [
       "          Q         W         E         R         T         Y\n",
       "C -0.262138 -0.712136 -0.405058  0.986261 -0.837557  1.257888\n",
       "B  0.423013 -0.649773 -0.199041  0.828950  1.089233 -0.298366\n",
       "D -1.215208  0.630047 -0.726637  0.020630  0.690870 -2.151946\n",
       "A -0.714408 -0.159551 -0.205011 -0.042212 -0.093049 -1.161107\n",
       "E -0.018883 -1.341212 -0.447168 -0.418123  0.620488  0.129232"
      ]
     },
     "execution_count": 23,
     "metadata": {},
     "output_type": "execute_result"
    }
   ],
   "source": [
    "df.sort_values('R', ascending=False)"
   ]
  },
  {
   "cell_type": "code",
   "execution_count": 24,
   "id": "a7e24dea-5fe3-4152-8193-e0bfa9169cee",
   "metadata": {
    "tags": []
   },
   "outputs": [
    {
     "data": {
      "text/html": [
       "<div>\n",
       "<style scoped>\n",
       "    .dataframe tbody tr th:only-of-type {\n",
       "        vertical-align: middle;\n",
       "    }\n",
       "\n",
       "    .dataframe tbody tr th {\n",
       "        vertical-align: top;\n",
       "    }\n",
       "\n",
       "    .dataframe thead th {\n",
       "        text-align: right;\n",
       "    }\n",
       "</style>\n",
       "<table border=\"1\" class=\"dataframe\">\n",
       "  <thead>\n",
       "    <tr style=\"text-align: right;\">\n",
       "      <th></th>\n",
       "      <th>Q</th>\n",
       "      <th>W</th>\n",
       "      <th>E</th>\n",
       "      <th>R</th>\n",
       "      <th>T</th>\n",
       "      <th>Y</th>\n",
       "    </tr>\n",
       "  </thead>\n",
       "  <tbody>\n",
       "    <tr>\n",
       "      <th>D</th>\n",
       "      <td>-1.215208</td>\n",
       "      <td>0.630047</td>\n",
       "      <td>-0.726637</td>\n",
       "      <td>0.020630</td>\n",
       "      <td>0.690870</td>\n",
       "      <td>-2.151946</td>\n",
       "    </tr>\n",
       "    <tr>\n",
       "      <th>E</th>\n",
       "      <td>-0.018883</td>\n",
       "      <td>-1.341212</td>\n",
       "      <td>-0.447168</td>\n",
       "      <td>-0.418123</td>\n",
       "      <td>0.620488</td>\n",
       "      <td>0.129232</td>\n",
       "    </tr>\n",
       "    <tr>\n",
       "      <th>C</th>\n",
       "      <td>-0.262138</td>\n",
       "      <td>-0.712136</td>\n",
       "      <td>-0.405058</td>\n",
       "      <td>0.986261</td>\n",
       "      <td>-0.837557</td>\n",
       "      <td>1.257888</td>\n",
       "    </tr>\n",
       "    <tr>\n",
       "      <th>A</th>\n",
       "      <td>-0.714408</td>\n",
       "      <td>-0.159551</td>\n",
       "      <td>-0.205011</td>\n",
       "      <td>-0.042212</td>\n",
       "      <td>-0.093049</td>\n",
       "      <td>-1.161107</td>\n",
       "    </tr>\n",
       "    <tr>\n",
       "      <th>B</th>\n",
       "      <td>0.423013</td>\n",
       "      <td>-0.649773</td>\n",
       "      <td>-0.199041</td>\n",
       "      <td>0.828950</td>\n",
       "      <td>1.089233</td>\n",
       "      <td>-0.298366</td>\n",
       "    </tr>\n",
       "  </tbody>\n",
       "</table>\n",
       "</div>"
      ],
      "text/plain": [
       "          Q         W         E         R         T         Y\n",
       "D -1.215208  0.630047 -0.726637  0.020630  0.690870 -2.151946\n",
       "E -0.018883 -1.341212 -0.447168 -0.418123  0.620488  0.129232\n",
       "C -0.262138 -0.712136 -0.405058  0.986261 -0.837557  1.257888\n",
       "A -0.714408 -0.159551 -0.205011 -0.042212 -0.093049 -1.161107\n",
       "B  0.423013 -0.649773 -0.199041  0.828950  1.089233 -0.298366"
      ]
     },
     "execution_count": 24,
     "metadata": {},
     "output_type": "execute_result"
    }
   ],
   "source": [
    "df.sort_values(['E', 'T']) ## mengurutkan data berdasarkan kolom E dan T, keduanya menggunakan metode ascending"
   ]
  },
  {
   "cell_type": "code",
   "execution_count": 25,
   "id": "861ff841-42d8-4a30-864e-bf7e6bc731ba",
   "metadata": {
    "tags": []
   },
   "outputs": [
    {
     "data": {
      "text/html": [
       "<div>\n",
       "<style scoped>\n",
       "    .dataframe tbody tr th:only-of-type {\n",
       "        vertical-align: middle;\n",
       "    }\n",
       "\n",
       "    .dataframe tbody tr th {\n",
       "        vertical-align: top;\n",
       "    }\n",
       "\n",
       "    .dataframe thead th {\n",
       "        text-align: right;\n",
       "    }\n",
       "</style>\n",
       "<table border=\"1\" class=\"dataframe\">\n",
       "  <thead>\n",
       "    <tr style=\"text-align: right;\">\n",
       "      <th></th>\n",
       "      <th>Q</th>\n",
       "      <th>W</th>\n",
       "      <th>E</th>\n",
       "      <th>R</th>\n",
       "      <th>T</th>\n",
       "      <th>Y</th>\n",
       "    </tr>\n",
       "  </thead>\n",
       "  <tbody>\n",
       "    <tr>\n",
       "      <th>B</th>\n",
       "      <td>0.423013</td>\n",
       "      <td>-0.649773</td>\n",
       "      <td>-0.199041</td>\n",
       "      <td>0.828950</td>\n",
       "      <td>1.089233</td>\n",
       "      <td>-0.298366</td>\n",
       "    </tr>\n",
       "    <tr>\n",
       "      <th>A</th>\n",
       "      <td>-0.714408</td>\n",
       "      <td>-0.159551</td>\n",
       "      <td>-0.205011</td>\n",
       "      <td>-0.042212</td>\n",
       "      <td>-0.093049</td>\n",
       "      <td>-1.161107</td>\n",
       "    </tr>\n",
       "    <tr>\n",
       "      <th>C</th>\n",
       "      <td>-0.262138</td>\n",
       "      <td>-0.712136</td>\n",
       "      <td>-0.405058</td>\n",
       "      <td>0.986261</td>\n",
       "      <td>-0.837557</td>\n",
       "      <td>1.257888</td>\n",
       "    </tr>\n",
       "    <tr>\n",
       "      <th>E</th>\n",
       "      <td>-0.018883</td>\n",
       "      <td>-1.341212</td>\n",
       "      <td>-0.447168</td>\n",
       "      <td>-0.418123</td>\n",
       "      <td>0.620488</td>\n",
       "      <td>0.129232</td>\n",
       "    </tr>\n",
       "    <tr>\n",
       "      <th>D</th>\n",
       "      <td>-1.215208</td>\n",
       "      <td>0.630047</td>\n",
       "      <td>-0.726637</td>\n",
       "      <td>0.020630</td>\n",
       "      <td>0.690870</td>\n",
       "      <td>-2.151946</td>\n",
       "    </tr>\n",
       "  </tbody>\n",
       "</table>\n",
       "</div>"
      ],
      "text/plain": [
       "          Q         W         E         R         T         Y\n",
       "B  0.423013 -0.649773 -0.199041  0.828950  1.089233 -0.298366\n",
       "A -0.714408 -0.159551 -0.205011 -0.042212 -0.093049 -1.161107\n",
       "C -0.262138 -0.712136 -0.405058  0.986261 -0.837557  1.257888\n",
       "E -0.018883 -1.341212 -0.447168 -0.418123  0.620488  0.129232\n",
       "D -1.215208  0.630047 -0.726637  0.020630  0.690870 -2.151946"
      ]
     },
     "execution_count": 25,
     "metadata": {},
     "output_type": "execute_result"
    }
   ],
   "source": [
    "df.sort_values(['E', 'T'], ascending = [False, True])\n",
    "## mengurutkan data berdasarkan kolom E dan T\n",
    "## pertama data akan diurutkan berdasarkan kolom E secara descending \n",
    "## selanjutnya data akan diurutkan berdasarkan kolom T secara ascending"
   ]
  },
  {
   "cell_type": "code",
   "execution_count": 26,
   "id": "343589c4-f25b-4a63-a6b6-420674147c18",
   "metadata": {
    "tags": []
   },
   "outputs": [
    {
     "data": {
      "text/html": [
       "<div>\n",
       "<style scoped>\n",
       "    .dataframe tbody tr th:only-of-type {\n",
       "        vertical-align: middle;\n",
       "    }\n",
       "\n",
       "    .dataframe tbody tr th {\n",
       "        vertical-align: top;\n",
       "    }\n",
       "\n",
       "    .dataframe thead th {\n",
       "        text-align: right;\n",
       "    }\n",
       "</style>\n",
       "<table border=\"1\" class=\"dataframe\">\n",
       "  <thead>\n",
       "    <tr style=\"text-align: right;\">\n",
       "      <th></th>\n",
       "      <th>Q</th>\n",
       "      <th>W</th>\n",
       "      <th>E</th>\n",
       "      <th>R</th>\n",
       "      <th>T</th>\n",
       "      <th>Y</th>\n",
       "    </tr>\n",
       "  </thead>\n",
       "  <tbody>\n",
       "    <tr>\n",
       "      <th>A</th>\n",
       "      <td>-0.714408</td>\n",
       "      <td>-0.159551</td>\n",
       "      <td>-0.205011</td>\n",
       "      <td>-0.042212</td>\n",
       "      <td>-0.093049</td>\n",
       "      <td>-1.161107</td>\n",
       "    </tr>\n",
       "    <tr>\n",
       "      <th>B</th>\n",
       "      <td>0.423013</td>\n",
       "      <td>-0.649773</td>\n",
       "      <td>-0.199041</td>\n",
       "      <td>0.828950</td>\n",
       "      <td>1.089233</td>\n",
       "      <td>-0.298366</td>\n",
       "    </tr>\n",
       "    <tr>\n",
       "      <th>C</th>\n",
       "      <td>-0.262138</td>\n",
       "      <td>-0.712136</td>\n",
       "      <td>-0.405058</td>\n",
       "      <td>0.986261</td>\n",
       "      <td>-0.837557</td>\n",
       "      <td>1.257888</td>\n",
       "    </tr>\n",
       "    <tr>\n",
       "      <th>D</th>\n",
       "      <td>-1.215208</td>\n",
       "      <td>0.630047</td>\n",
       "      <td>-0.726637</td>\n",
       "      <td>0.020630</td>\n",
       "      <td>0.690870</td>\n",
       "      <td>-2.151946</td>\n",
       "    </tr>\n",
       "    <tr>\n",
       "      <th>E</th>\n",
       "      <td>-0.018883</td>\n",
       "      <td>-1.341212</td>\n",
       "      <td>-0.447168</td>\n",
       "      <td>-0.418123</td>\n",
       "      <td>0.620488</td>\n",
       "      <td>0.129232</td>\n",
       "    </tr>\n",
       "  </tbody>\n",
       "</table>\n",
       "</div>"
      ],
      "text/plain": [
       "          Q         W         E         R         T         Y\n",
       "A -0.714408 -0.159551 -0.205011 -0.042212 -0.093049 -1.161107\n",
       "B  0.423013 -0.649773 -0.199041  0.828950  1.089233 -0.298366\n",
       "C -0.262138 -0.712136 -0.405058  0.986261 -0.837557  1.257888\n",
       "D -1.215208  0.630047 -0.726637  0.020630  0.690870 -2.151946\n",
       "E -0.018883 -1.341212 -0.447168 -0.418123  0.620488  0.129232"
      ]
     },
     "execution_count": 26,
     "metadata": {},
     "output_type": "execute_result"
    }
   ],
   "source": [
    "df"
   ]
  },
  {
   "cell_type": "code",
   "execution_count": 27,
   "id": "f4d8ff36-b879-420a-a6de-45e7c676bad1",
   "metadata": {
    "tags": []
   },
   "outputs": [
    {
     "data": {
      "text/html": [
       "<div>\n",
       "<style scoped>\n",
       "    .dataframe tbody tr th:only-of-type {\n",
       "        vertical-align: middle;\n",
       "    }\n",
       "\n",
       "    .dataframe tbody tr th {\n",
       "        vertical-align: top;\n",
       "    }\n",
       "\n",
       "    .dataframe thead th {\n",
       "        text-align: right;\n",
       "    }\n",
       "</style>\n",
       "<table border=\"1\" class=\"dataframe\">\n",
       "  <thead>\n",
       "    <tr style=\"text-align: right;\">\n",
       "      <th></th>\n",
       "      <th>Q</th>\n",
       "      <th>W</th>\n",
       "      <th>E</th>\n",
       "      <th>R</th>\n",
       "      <th>T</th>\n",
       "      <th>Y</th>\n",
       "    </tr>\n",
       "  </thead>\n",
       "  <tbody>\n",
       "    <tr>\n",
       "      <th>E</th>\n",
       "      <td>-0.018883</td>\n",
       "      <td>-1.341212</td>\n",
       "      <td>-0.447168</td>\n",
       "      <td>-0.418123</td>\n",
       "      <td>0.620488</td>\n",
       "      <td>0.129232</td>\n",
       "    </tr>\n",
       "    <tr>\n",
       "      <th>D</th>\n",
       "      <td>-1.215208</td>\n",
       "      <td>0.630047</td>\n",
       "      <td>-0.726637</td>\n",
       "      <td>0.020630</td>\n",
       "      <td>0.690870</td>\n",
       "      <td>-2.151946</td>\n",
       "    </tr>\n",
       "    <tr>\n",
       "      <th>C</th>\n",
       "      <td>-0.262138</td>\n",
       "      <td>-0.712136</td>\n",
       "      <td>-0.405058</td>\n",
       "      <td>0.986261</td>\n",
       "      <td>-0.837557</td>\n",
       "      <td>1.257888</td>\n",
       "    </tr>\n",
       "    <tr>\n",
       "      <th>B</th>\n",
       "      <td>0.423013</td>\n",
       "      <td>-0.649773</td>\n",
       "      <td>-0.199041</td>\n",
       "      <td>0.828950</td>\n",
       "      <td>1.089233</td>\n",
       "      <td>-0.298366</td>\n",
       "    </tr>\n",
       "    <tr>\n",
       "      <th>A</th>\n",
       "      <td>-0.714408</td>\n",
       "      <td>-0.159551</td>\n",
       "      <td>-0.205011</td>\n",
       "      <td>-0.042212</td>\n",
       "      <td>-0.093049</td>\n",
       "      <td>-1.161107</td>\n",
       "    </tr>\n",
       "  </tbody>\n",
       "</table>\n",
       "</div>"
      ],
      "text/plain": [
       "          Q         W         E         R         T         Y\n",
       "E -0.018883 -1.341212 -0.447168 -0.418123  0.620488  0.129232\n",
       "D -1.215208  0.630047 -0.726637  0.020630  0.690870 -2.151946\n",
       "C -0.262138 -0.712136 -0.405058  0.986261 -0.837557  1.257888\n",
       "B  0.423013 -0.649773 -0.199041  0.828950  1.089233 -0.298366\n",
       "A -0.714408 -0.159551 -0.205011 -0.042212 -0.093049 -1.161107"
      ]
     },
     "execution_count": 27,
     "metadata": {},
     "output_type": "execute_result"
    }
   ],
   "source": [
    "df.sort_index(ascending = False) ## mengurutkan berdasarkan Index, secara Descending"
   ]
  },
  {
   "cell_type": "code",
   "execution_count": 35,
   "id": "a0f62b70-a55d-45bd-aa12-4a5326a70a28",
   "metadata": {
    "tags": []
   },
   "outputs": [
    {
     "data": {
      "text/html": [
       "<div>\n",
       "<style scoped>\n",
       "    .dataframe tbody tr th:only-of-type {\n",
       "        vertical-align: middle;\n",
       "    }\n",
       "\n",
       "    .dataframe tbody tr th {\n",
       "        vertical-align: top;\n",
       "    }\n",
       "\n",
       "    .dataframe thead th {\n",
       "        text-align: right;\n",
       "    }\n",
       "</style>\n",
       "<table border=\"1\" class=\"dataframe\">\n",
       "  <thead>\n",
       "    <tr style=\"text-align: right;\">\n",
       "      <th></th>\n",
       "      <th>Q</th>\n",
       "      <th>W</th>\n",
       "      <th>E</th>\n",
       "      <th>R</th>\n",
       "      <th>T</th>\n",
       "      <th>Y</th>\n",
       "    </tr>\n",
       "  </thead>\n",
       "  <tbody>\n",
       "    <tr>\n",
       "      <th>A</th>\n",
       "      <td>False</td>\n",
       "      <td>True</td>\n",
       "      <td>True</td>\n",
       "      <td>True</td>\n",
       "      <td>True</td>\n",
       "      <td>False</td>\n",
       "    </tr>\n",
       "    <tr>\n",
       "      <th>B</th>\n",
       "      <td>True</td>\n",
       "      <td>False</td>\n",
       "      <td>True</td>\n",
       "      <td>True</td>\n",
       "      <td>True</td>\n",
       "      <td>True</td>\n",
       "    </tr>\n",
       "    <tr>\n",
       "      <th>C</th>\n",
       "      <td>True</td>\n",
       "      <td>False</td>\n",
       "      <td>True</td>\n",
       "      <td>True</td>\n",
       "      <td>False</td>\n",
       "      <td>True</td>\n",
       "    </tr>\n",
       "    <tr>\n",
       "      <th>D</th>\n",
       "      <td>False</td>\n",
       "      <td>True</td>\n",
       "      <td>False</td>\n",
       "      <td>True</td>\n",
       "      <td>True</td>\n",
       "      <td>False</td>\n",
       "    </tr>\n",
       "    <tr>\n",
       "      <th>E</th>\n",
       "      <td>True</td>\n",
       "      <td>False</td>\n",
       "      <td>True</td>\n",
       "      <td>True</td>\n",
       "      <td>True</td>\n",
       "      <td>True</td>\n",
       "    </tr>\n",
       "  </tbody>\n",
       "</table>\n",
       "</div>"
      ],
      "text/plain": [
       "       Q      W      E     R      T      Y\n",
       "A  False   True   True  True   True  False\n",
       "B   True  False   True  True   True   True\n",
       "C   True  False   True  True  False   True\n",
       "D  False   True  False  True   True  False\n",
       "E   True  False   True  True   True   True"
      ]
     },
     "execution_count": 35,
     "metadata": {},
     "output_type": "execute_result"
    }
   ],
   "source": [
    "df > -0.5"
   ]
  },
  {
   "cell_type": "code",
   "execution_count": 38,
   "id": "6739aea1-98e4-43f6-91ec-4c6cd49be436",
   "metadata": {
    "tags": []
   },
   "outputs": [],
   "source": [
    "df2 = df[df > -0.5].drop(columns='W')"
   ]
  },
  {
   "cell_type": "code",
   "execution_count": 39,
   "id": "6c3158df-e6bd-4227-bf2e-a7016bc15865",
   "metadata": {
    "tags": []
   },
   "outputs": [
    {
     "data": {
      "text/html": [
       "<div>\n",
       "<style scoped>\n",
       "    .dataframe tbody tr th:only-of-type {\n",
       "        vertical-align: middle;\n",
       "    }\n",
       "\n",
       "    .dataframe tbody tr th {\n",
       "        vertical-align: top;\n",
       "    }\n",
       "\n",
       "    .dataframe thead th {\n",
       "        text-align: right;\n",
       "    }\n",
       "</style>\n",
       "<table border=\"1\" class=\"dataframe\">\n",
       "  <thead>\n",
       "    <tr style=\"text-align: right;\">\n",
       "      <th></th>\n",
       "      <th>Q</th>\n",
       "      <th>E</th>\n",
       "      <th>R</th>\n",
       "      <th>T</th>\n",
       "      <th>Y</th>\n",
       "    </tr>\n",
       "  </thead>\n",
       "  <tbody>\n",
       "    <tr>\n",
       "      <th>A</th>\n",
       "      <td>NaN</td>\n",
       "      <td>-0.205011</td>\n",
       "      <td>-0.042212</td>\n",
       "      <td>-0.093049</td>\n",
       "      <td>NaN</td>\n",
       "    </tr>\n",
       "    <tr>\n",
       "      <th>B</th>\n",
       "      <td>0.423013</td>\n",
       "      <td>-0.199041</td>\n",
       "      <td>0.828950</td>\n",
       "      <td>1.089233</td>\n",
       "      <td>-0.298366</td>\n",
       "    </tr>\n",
       "    <tr>\n",
       "      <th>C</th>\n",
       "      <td>-0.262138</td>\n",
       "      <td>-0.405058</td>\n",
       "      <td>0.986261</td>\n",
       "      <td>NaN</td>\n",
       "      <td>1.257888</td>\n",
       "    </tr>\n",
       "    <tr>\n",
       "      <th>D</th>\n",
       "      <td>NaN</td>\n",
       "      <td>NaN</td>\n",
       "      <td>0.020630</td>\n",
       "      <td>0.690870</td>\n",
       "      <td>NaN</td>\n",
       "    </tr>\n",
       "    <tr>\n",
       "      <th>E</th>\n",
       "      <td>-0.018883</td>\n",
       "      <td>-0.447168</td>\n",
       "      <td>-0.418123</td>\n",
       "      <td>0.620488</td>\n",
       "      <td>0.129232</td>\n",
       "    </tr>\n",
       "  </tbody>\n",
       "</table>\n",
       "</div>"
      ],
      "text/plain": [
